0 0.568625 0.806833 0.022250 0.036333
0 0.500875 0.804333 0.020250 0.032000
0 0.436500 0.802000 0.021500 0.038000
0 0.371000 0.799333 0.022500 0.036000
0 0.307000 0.797667 0.023000 0.036000
0 0.593125 0.784667 0.022750 0.035333
0 0.280625 0.770167 0.025750 0.031000
0 0.593625 0.694667 0.020750 0.030000
0 0.280625 0.682833 0.025250 0.029000
0 0.592625 0.606667 0.026750 0.030667
0 0.282125 0.598833 0.025250 0.027667
0 0.593125 0.519167 0.026250 0.032333
0 0.283750 0.507500 0.025000 0.028333
0 0.593500 0.429667 0.026500 0.033333
0 0.281375 0.422333 0.026250 0.030000
0 0.375125 0.400667 0.023750 0.033333
0 0.308750 0.399833 0.024000 0.031667
0 0.505375 0.399500 0.024250 0.035000
0 0.572625 0.399667 0.024750 0.036000
0 0.439875 0.399167 0.022750 0.035000