0 0.571250 0.793000 0.022500 0.035333
0 0.503750 0.790667 0.020500 0.030667
0 0.439375 0.788000 0.021250 0.038667
0 0.374250 0.785500 0.022000 0.035000
0 0.310250 0.783667 0.023000 0.034667
0 0.595500 0.770667 0.024000 0.034667
0 0.284625 0.756500 0.023750 0.030333
0 0.596125 0.681167 0.017250 0.025667
0 0.284125 0.670000 0.024750 0.028667
0 0.595250 0.594000 0.027000 0.030667
0 0.284875 0.586000 0.024750 0.028667
0 0.595750 0.505667 0.026500 0.032667
0 0.286250 0.495000 0.025000 0.028667
0 0.596375 0.415667 0.026750 0.034000
0 0.283125 0.409167 0.026250 0.030333
0 0.310750 0.386500 0.023000 0.031000
0 0.441625 0.387000 0.022250 0.032667
0 0.376375 0.386833 0.022250 0.032333
0 0.507500 0.386167 0.024500 0.035000
0 0.575750 0.386333 0.026000 0.036000