0 0.567625 0.798000 0.022250 0.036000
0 0.500000 0.794333 0.020500 0.034000
0 0.435500 0.793333 0.021500 0.038000
0 0.370125 0.790500 0.022250 0.035667
0 0.306125 0.789167 0.022750 0.035000
0 0.592125 0.775500 0.023250 0.035000
0 0.279625 0.762000 0.025250 0.030667
0 0.592500 0.685500 0.017500 0.025667
0 0.279375 0.674833 0.025750 0.029000
0 0.591500 0.598000 0.027000 0.030667
0 0.280500 0.590833 0.025000 0.027667
0 0.591875 0.510000 0.026250 0.032000
0 0.281750 0.499500 0.025000 0.028333
0 0.592375 0.420167 0.026750 0.033667
0 0.279125 0.413500 0.026750 0.030333
0 0.306250 0.391167 0.024000 0.031667
0 0.372500 0.391833 0.023000 0.033667
0 0.503750 0.390667 0.024500 0.035333
0 0.571625 0.390500 0.025750 0.036333
0 0.437750 0.390000 0.022000 0.035333