0 0.570375 0.808833 0.022250 0.036333
0 0.502625 0.806167 0.020250 0.031667
0 0.438375 0.803500 0.021250 0.039000
0 0.372875 0.801000 0.022250 0.036000
0 0.308750 0.799500 0.023000 0.035667
0 0.594875 0.786500 0.023250 0.035667
0 0.282625 0.771833 0.025250 0.031000
0 0.595250 0.696833 0.021500 0.030333
0 0.282625 0.684167 0.025750 0.029667
0 0.594375 0.608333 0.027250 0.030667
0 0.284250 0.600500 0.025000 0.027667
0 0.594750 0.520833 0.026500 0.032333
0 0.285375 0.509833 0.025250 0.027667
0 0.595375 0.431833 0.026750 0.033000
0 0.283625 0.424000 0.026750 0.030000
0 0.310750 0.401667 0.024000 0.031333
0 0.376625 0.402833 0.023750 0.034333
0 0.507250 0.401667 0.024500 0.035333
0 0.574500 0.402000 0.025000 0.036667
0 0.441625 0.401167 0.022750 0.035667