0 0.568375 0.803333 0.022250 0.036667
0 0.500625 0.800333 0.020250 0.032667
0 0.436250 0.798667 0.021500 0.038000
0 0.370625 0.796000 0.022750 0.036000
0 0.306750 0.794500 0.023000 0.035667
0 0.592750 0.781000 0.023500 0.035333
0 0.280375 0.767167 0.025250 0.031000
0 0.593375 0.690833 0.016750 0.025667
0 0.280375 0.679667 0.025750 0.028667
0 0.592375 0.603000 0.027250 0.030667
0 0.280875 0.595500 0.026250 0.027667
0 0.592500 0.515333 0.026500 0.032000
0 0.282750 0.504500 0.025000 0.028333
0 0.593125 0.425167 0.026750 0.034333
0 0.280500 0.418667 0.027000 0.030667
0 0.307625 0.396000 0.023750 0.031333
0 0.373875 0.397167 0.023250 0.034333
0 0.504750 0.395667 0.024500 0.035333
0 0.572250 0.395833 0.025000 0.036333
0 0.438750 0.395333 0.022000 0.036000